90860
53130
47252
75769
47156
42146
49807
76543
75639
55577
9923
59756
33616
40174
72319
5660
31320
18180
41249
23771
3462
80755
56565
741
93622
24818
49386
5089
75833
15683
65917
51207
86212
86467
69704
6764
17692
10017
82241
11379
3029
21189
19782
16162
51868
77195
77265
40157
90519
71471
65933
12299
20703
40935
40944
57009
57993
33204
62186
64351
60373
35844
5624
84534
49096
21571
35623
75283
26217
69087
46863
66925
40305
8744
43176
18226
33209
46258
5135
2892
64257
62057
61366
77375
59632
55174
75532
19668
87975
34045
91704
41664
11304
11124
42690
12108
6765
10631
41874
40031
63233
63225
80859
45397
71447
57841
31636
46367
19500
18656
40729
29464
54918
81932
13448
93534
9346
80538
76257
94623
59444
23767
82736
65115
33156
12715
16814
6077
16864
47900
22882
46086
636
47381
72471
41909
86694
34047
65781
55192
28151
59081
19455
40959
52238
86511
84047
38239
85285
78656
33226
87885
72805
65773
43429
61323
49337
47870
52857
1945
10448
79707
11675
73438
51733
3014
75376
6514
11117
69908
1127
58476
67710
51767
87936
53069
47338
17861
36994
64695
58760
11266
83488
69273
72924
21211
68263
55211
72912
37540
28396
25840
64901
91177
81525
75865
11822
9335
6437
40668
50209
91303
77744
47181
48590
60619
2715
10108
77794
4860
50252
40170
61898
15835
18612
70582
80685
89334
88158
90092
60135
10391
61116
44624
16415
77406
52056
94584
52084
46471
7936
31796
27831
4690
86832
61441
64249
55486
72644
46319
18757
37011
46162
89250
67332
49045
2314
47850
18727
10203
22714
63352
42654
58933
52043
4587
29673
72813
61011
55810
15827
16651
82469
29957
58196
29003
64525
21678
24178
54404
63742
88424
7994
46349
45634
24074
33434
20993
71484
22788
9489
67157
88462
75248
63601
11653
53192
63083
50444
65018
62064
51774
14201
87986
86854
33292
31749
88897
91347
30529
73080
15354
79940
66653
14541
34953
18922
50990
74293
51747
7903
92113
11733
58787
19825
31916
13433
83800
9158
93067
38040
55123
3182
78045
19472
16201
17438
76834
7182
8921
93030
69083
15735
39244
52925
45951
14615
18029
22985
66260
17111
44599
94235
81459
72789
1459
50258
24975
25228
2767
57736
59261
31960
48701
73860
74787
10028
66151
4074
3381
89481
87418
39399
439
27604
40036
12882
30057
45938
58931
12120
56539
79592
64729
46879
36123
32141
70655
59228
32225
13975
19781
32935
45849
87129
50302
18618
70406
45902
62019
51786
73362
87202
26366
45392
29606
73730
80994
86462
90837
7192
8205
9327
67149
14808
93713
27264
83927
979
68395
46360
38527
37566
74263
46285
34957
39504
49466
55408
12495
71887
69521
22365
78854
59451
41264
36018
49234
77131
77114
31520
31440
54314
43636
81605
51121
64700
45435
24824
60179
17461
57072
28328
16207
66091
4701
44007
63091
37565
39298
9235
27643
76056
30782
89444
85462
40089
78134
75581
73893
22464
82057
73155
22957
65810
10334
72473
70501
48602
27218
12680
77629
17374
11186
35257
14922
46380
60451
84726
30060
69928
68440
40648
12322
54456
17318
37249
22717
55047
42615
60999
42767
11866
62080
8663
32295
34926
43349
38076
41883
70060
41549
24896
88587
48904
63544
8164
90265
62667
4389
71737
37491
55670
66374
51491
44351
5831
71188
5108
77958
89742
34009
75232
71772
91064
72085
75196
53852
92091
21821
20128
93046
31973
81365
51806
24603
14459
8599
65887
14376
50037
92754
52026
34885
44438
62573
38095
89185
11419
28053
70873
69854
42031
23839
22473
32009
38302
60191
34786
65563
1854
40702
59810
30257
4372
61923
54663
24792
78807
44807
71685
57737
21554
57131
85692
85753
8516
8626
64352
64295
42848
17900
66957
16924
43618
15999
40057
69134
50966
25473
37133
77399
58322
74370
24389
28087
48080
40865
61311
90616
8381
109
86718
80758
50533
30180
87446
83218
37368
36413
59745
73765
6901
4209
41537
85557
13148
14547
37763
61282
18075
93163
10386
79932
15929
84329
53757
6021
3386
12022
34310
79733
64010
78159
2925
60525
75764
49956
54882
24850
13779
22767
57503
66843
18580
50
26132
43858
32556
16135
3262
43305
72799
7904
15759
29453
26604
17889
25590
23359
40544
40843
56608
65249
55295
10302
29099
31323
17961
7656
64853
70354
49880
44583
8096
89276
5683
82873
20451
57138
82297
88315
39549
9847
55476
15255
38372
30113
37799
53488
61887
74730
10056
70829
40013
49906
46423
63566
15898
66526
72282
13124
30847
16569
78708
22227
51569
29899
57495
8840
37848
21223
31130
21389
32919
3087
61892
62446
1258
9525
57548
76609
52807
24684
68422
10097
13724
16767
38694
93720
1608
39481
74829
20074
84343
15480
88292
85061
94306
4017
93529
86471
61041
91887
54770
91888
22715
69580
14134
8511
63101
83716
84939
89959
14651
70881
27251
90595
67472
54551
77969
54599
49741
28525
42962
69853
42185
7770
10528
88008
10008
50236
11442
39459
23055
77090
68008
94076
9626
5725
39929
27840
73868
46784
22991
63050
66183
59867
20086
93194
21676
3573
24278
72325
5205
68330
79984
4931
65955
84345
17216
68984
88975
61958
27061
18153
12608
4038
73974
31745
36617
52701
84303
37444
93575
88400
64765
30052
36103
64563
88423
25115
10520
62674
85209
88910
33134
41527
92653
13871
45867
40173
30156
85666
14188
38590
16863
60658
56663
15395
64284
22232
44218
77419
1467
9926
73754
60785
42226
25200
63935
51040
70176
85802
16631
50291
82074
90649
77455
61453
62749
34633
40260
41659
27497
44826
66575
25478
17411
73865
21414
73085
28540
27848
24406
81317
19505
78909
31011
5874
86353
36759
9196
35729
50259
94388
92996
20597
12698
85691
11287
24379
30021
37034
74027
6003
28520
28236
83278
48142
71771
74703
51193
11976
56320
41819
65812
50725
82927
69142
50561
3526
61886
63940
27979
75744
42298
78181
12928
10001
21649
2389
12903
90818
19736
36897
85651
58891
25587
26685
10576
70443
52613
13446
25067
43440
48356
5645
24122
7006
43781
24432
39672
7401
56269
69711
64349
84673
32611
75000
15486
49408
81674
52286
61188
2132
92933
49707
58421
70298
71124
17497
77461
71357
37735
73583
60774
9132
56991
27367
63550
15288
17748
34691
18439
66906
82359
14426
58077
90023
24151
80388
7323
21926
4987
42448
27473
90666
7681
62055
5369
89872
68280
70118
67694
70922
8883
34807
12505
80014
