0.9984293194
0.9813554392
0.9792466550
1.0000000000
0.9994182664
0.9130890052
1.0000000000
1.0000000000
1.0000000000
0.9666812100
1.0000000000
0.9513670739
0.9888307155
0.9999127400
0.9987347295
1.0000000000
0.2780104712
0.9892961024
0.9995636998
1.0000000000
0.9970767888
0.9281122746
0.9998981966
0.9999854567
0.9990110529
0.9742001163
0.9994909831
0.9998981966
0.8979203025
1.0000000000
1.0000000000
0.9402559628
1.0000000000
0.9981239092
0.9811518325
0.9987347295
0.9967422920
0.9660849331
0.9986765561
0.9948952880
0.9985311227
0.9792757417
0.8984002327
1.0000000000
0.9996655032
0.9975421757
0.9905031995
0.9581297266
1.0000000000
1.0000000000
0.2686300175
0.9998836533
0.9120855148
0.9978912158
1.0000000000
0.9991710297
0.9742437464
0.9999272833
0.9998836533
0.5737347295
0.9710878418
0.9737783595
0.9990110529
0.9499563700
0.9998254799
0.6713787086
0.9601948807
0.9713641652
0.9999563700
0.9283595113
0.9999854567
0.9664630599
0.9980511926
0.9999418266
0.6759598604
0.9983711460
0.9991564863
0.9404304828
1.0000000000
0.9999272833
0.9999418266
0.9999854567
0.9794793485
0.9994037231
0.9494182664
0.9723967423
0.9520942408
0.9332460733
0.9899360093
0.9975421757
0.8580715532
0.8927719604
1.0000000000
0.9999854567
1.0000000000
0.9994328098
1.0000000000
0.9791884817
0.9983711460
0.9875218150
1.0000000000
0.9997091332
0.9430191972
0.9578388598
0.9999272833
0.9982402560
0.9999709133
1.0000000000
0.9999272833
0.9373036649
0.9334642234
0.9308755090
0.9998981966
0.9304101222
0.9503635835
0.9522396742
0.9955497382
1.0000000000
0.9380162885
1.0000000000
0.9580279232
0.9998254799
0.8964223386
1.0000000000
0.9998254799
0.9885980221
0.2125654450
0.9999854567
0.8856748109
1.0000000000
0.9996364165
0.9850058173
0.9511780105
0.9999127400
0.9880599186
0.9999854567
0.9989819663
1.0000000000
0.9993746364
0.9999563700
0.9998545666
0.8747382199
0.9993455497
0.9359802211
0.9998691099
0.9009162304
0.9995636998
0.8938627109
0.9871727749
0.9979784759
1.0000000000
0.9999709133
0.9814426992
0.9988947062
1.0000000000
0.9261780105
0.9996655032
0.9990837696
0.9516579407
0.9917393834
0.9972367656
0.9999127400
0.5319371728
1.0000000000
0.9874927283
1.0000000000
0.9999709133
0.9998836533
0.9999272833
0.9991710297
0.9804101222
0.9975276323
0.8852385108
0.9990546830
1.0000000000
0.9994909831
0.8927719604
0.9998981966
0.9204915649
0.9387143688
1.0000000000
0.9280104712
1.0000000000
1.0000000000
0.2788976149
0.5727603258
0.9608638743
0.9324607330
1.0000000000
0.9974985457
0.9313699825
0.9707969750
0.9999854567
1.0000000000
0.9997527632
1.0000000000
0.9558318790
0.9594968005
1.0000000000
0.9915794066
1.0000000000
0.9999563700
1.0000000000
0.9818935428
0.9341477603
1.0000000000
0.8966695753
1.0000000000
1.0000000000
0.9406195462
1.0000000000
0.9872600349
0.9999709133
0.9115474113
0.9382635253
0.9997236766
0.9926992437
0.9999127400
1.0000000000
0.9986765561
0.9999854567
0.9977457824
1.0000000000
0.9986620128
0.9998545666
0.9915066899
0.9983711460
0.9599621873
0.9220331588
0.9520215241
0.6714368819
0.9706224549
1.0000000000
0.9513670739
0.8947789412
0.8831297266
1.0000000000
0.2058173357
1.0000000000
1.0000000000
0.8862856312
0.9999709133
0.9445753345
0.9902850494
0.2791303083
0.9999563700
0.6737056428
1.0000000000
0.2796393252
0.9999854567
0.9573589296
0.8855148342
1.0000000000
0.9404886562
0.9919284468
0.9995346131
0.9999854567
0.9664630599
0.9745346131
0.9113874346
0.9999709133
1.0000000000
0.9999854567
0.9893542757
0.9999709133
0.9334642234
0.9891506690
0.5703897615
0.9519488074
0.9997818499
0.2120855148
0.9272978476
0.9874345550
0.9998981966
0.6428446771
0.9799592787
1.0000000000
0.8986329261
0.9987783595
0.2126090750
0.9774723677
0.9631180919
0.9900378127
0.9350494474
0.9998981966
0.9998981966
0.9998400233
0.9975276323
0.9999854567
0.9667102967
0.9999854567
0.2132926120
0.9303810355
0.9988219895
1.0000000000
0.5696189645
1.0000000000
1.0000000000
0.9963350785
0.9501599767
0.9516724840
1.0000000000
0.9999854567
