77.5283018868
63.8137082601
67.7004981320
68.2500000000
0.0000000000
63.5573689416
72.0000000000
67.9708333333
70.8076923077
62.7300415321
58.7222222222
54.7104530499
72.8713450292
77.5000000000
75.8162251656
63.0000000000
67.1778399076
74.5625000000
65.1025641026
68.0943396226
71.6066176471
58.1717279726
79.2123893805
0.0000000000
75.7995337995
66.3380281690
74.2663185379
76.9581673307
74.2416918429
61.7857142857
69.7777777778
60.5220417633
59.6666666667
77.0909090909
63.9632224168
63.3571428571
0.0000000000
62.6865321445
0.0000000000
0.0000000000
63.7307692308
67.6602123673
74.2805726519
67.2222222222
0.0000000000
63.4242424242
74.4741379310
69.0191854594
62.7666666667
66.8441025641
67.0137024721
64.0262008734
63.5197467089
0.0000000000
70.2500000000
62.2021276596
66.6275605214
66.5000000000
0.0000000000
70.9775379810
70.1413733410
66.4683301344
0.0000000000
54.4254881809
0.0000000000
69.6472398933
64.2295997518
70.0697947214
0.0000000000
58.0628385699
0.0000000000
69.7942168675
62.8689655172
0.0000000000
69.5969184891
76.7254901961
75.9569160998
60.5337975051
68.4952830189
0.0000000000
0.0000000000
0.0000000000
67.7124223602
74.3948863636
54.5928205128
66.3987941430
64.4238159675
68.4108527132
74.4705882353
72.5608011445
73.2978114608
74.1144484723
62.8947368421
0.0000000000
62.7500000000
74.3963254593
61.1344537815
67.6008799497
76.6666666667
66.1248164464
80.0000000000
64.8620689655
55.3889140271
69.0420982292
78.0000000000
77.5178571429
0.0000000000
66.2500000000
79.9692307692
61.1971177333
68.4147321429
66.7302896956
70.6000000000
66.7415316642
76.8326020925
64.4022770398
69.8518518519
66.4814814815
61.0294778916
67.8839050132
68.9942528736
70.1428571429
72.4361923237
67.5555555556
69.6315789474
72.8371385084
47.0148773322
0.0000000000
73.5684675835
64.0000000000
62.8910891089
65.5681818182
76.8067166845
77.8333333333
71.3677685950
0.0000000000
62.1313131313
61.8333333333
0.0000000000
0.0000000000
0.0000000000
65.8076243373
0.0000000000
60.7792000000
70.0625000000
63.6560642093
0.0000000000
72.4503109883
66.1091180867
0.0000000000
69.0000000000
69.8666666667
63.8712522046
60.4051094891
67.6309012876
58.1151476524
66.4000000000
75.7209821429
64.2942477876
71.1557017544
64.5070422535
0.0000000000
70.7791002517
68.6265060241
72.5969387755
57.5000000000
0.0000000000
68.3137254902
0.0000000000
75.8475750577
71.5290780142
0.0000000000
73.5613511693
0.0000000000
63.4769230769
73.9953271028
72.4355719356
81.8750000000
66.2852464385
61.0875875876
72.4200000000
58.2345547507
65.0000000000
65.3013698630
67.1892391062
70.9996607870
64.1215127092
68.4141036907
71.1500000000
66.6051282051
66.7611913028
70.1185479297
0.0000000000
63.1086956522
0.0000000000
69.0000000000
64.0020467836
63.9616238503
62.4000000000
71.2660152009
62.5000000000
0.0000000000
67.2830188679
63.8585322723
68.4135774900
71.6630434783
74.1616703757
68.4130434783
69.0000000000
60.5671598491
59.0322580645
66.1225710015
0.0000000000
63.4735868102
61.0560258964
0.0000000000
0.0000000000
0.0000000000
65.0647482014
0.0000000000
0.0000000000
77.3029126214
63.9140625000
0.0000000000
70.2777777778
70.9133689840
0.0000000000
63.8868648130
68.1261313306
76.8539747526
69.6452220947
70.1525229358
69.0000000000
54.7807943690
72.4850110011
72.2154456427
73.6666666667
46.5951225859
68.8623188406
72.0000000000
73.5545760697
0.0000000000
64.9966832504
74.5304347826
67.1897310117
72.0000000000
69.5698048556
65.2727272727
67.1829511263
0.0000000000
69.0225210084
73.5533077661
72.2222222222
60.6350449666
71.1917098446
74.3163538874
0.0000000000
62.8258215962
66.5023877746
63.5509289980
77.3846153846
72.0000000000
0.0000000000
72.8079877112
0.0000000000
61.2287520487
72.9143730887
70.9928033285
64.3605126807
78.8830769231
47.0319174825
58.1938579655
66.0991124260
77.8750000000
69.5549808429
63.5878378378
63.6500000000
74.2305533280
62.8561403509
47.0309016087
67.0425287356
62.8642972536
74.5035460993
76.3836528222
79.2718446602
78.9375000000
71.3333333333
0.0000000000
0.0000000000
62.6834430856
0.0000000000
47.0102010257
66.7580409357
66.1647058824
68.0000000000
70.9991301420
62.7377049180
70.1538461538
0.0000000000
76.7692307692
68.7771445711
66.2857142857
0.0000000000
