3.1086881274
32.3572293243
11.4979650126
0.0000000000
29.3615384615
99.3209127444
0.0000000000
0.0000000000
0.0000000000
51.9189484579
0.0000000000
180.0322940566
3.2303872637
7.6000000000
30.9529537557
0.0000000000
19.2092339639
2.5237429755
24.5057471264
0.0000000000
17.1824378109
167.1744132401
7.5714285714
NaN
22.9815627744
58.8924166900
5.6336134454
4.5714285714
11.8949456126
0.0000000000
0.0000000000
65.7809977337
0.0000000000
5.6418362403
32.3262309929
60.9561614542
13.3439902306
52.5788260694
79.8014652015
51.5912087912
56.2784158416
11.3673841908
11.2852110397
0.0000000000
3.1660079051
52.3350239504
2.2474797771
17.2838104691
0.0000000000
0.0000000000
19.6479934991
52.8571428571
98.9574278834
90.8858237548
0.0000000000
145.8746867168
58.4816034862
160.7000000000
20.9821428571
32.0337091487
8.0540464731
58.3785502397
119.4176909570
185.1966293938
78.2045454545
122.6131707527
36.7631330564
8.1539972212
1.0000000000
166.0750784298
NaN
10.1206903428
63.0640781057
104.3333333333
124.6507089108
8.0717503218
23.5039322444
66.0257476248
0.0000000000
71.3000000000
147.0000000000
NaN
11.4571487452
4.9048780488
187.2678214995
62.8297925347
109.8953608241
8.0082541324
2.2254000652
78.2976190476
8.1985697490
12.8686420125
0.0000000000
NaN
0.0000000000
3.0971659919
0.0000000000
11.2921053789
7.7470238095
25.4139745902
0.0000000000
54.6605263158
194.0990041185
17.2105599823
8.3000000000
6.4960055096
220.5000000000
0.0000000000
20.0000000000
60.2396974017
7.7037832749
20.6256101941
222.2380952381
20.2305300147
19.9728381483
110.6343099004
50.4300439301
0.0000000000
60.8232139610
0.0000000000
16.9813091588
125.7196969697
27.9885144977
0.0000000000
131.5151515152
3.3788395626
50.8333647873
NaN
8.3391607941
0.0000000000
95.3333333333
29.8665147420
20.0284762454
24.1666666667
2.9582484181
NaN
81.1643892340
0.0000000000
97.7541528239
27.0000000000
73.4333333333
36.4898117909
68.3707070707
71.1621464020
165.6944444444
90.8552305233
83.9643678161
28.3027516160
25.1915095966
48.0589093942
0.0000000000
2.0000000000
32.0787018256
115.7992982456
0.0000000000
166.1704307725
39.3399209486
23.2857142857
108.8807259182
2.3686284373
95.9316346422
3.6000000000
32.9368878990
0.0000000000
3.1513374124
0.0000000000
60.5000000000
44.5714285714
6.5000000000
24.2600250627
10.1222936667
99.4961364427
8.4240327376
23.8350961538
0.0000000000
7.4907563025
27.4170512522
6.5714285714
24.1372904961
60.2911343187
0.0000000000
166.3250235636
0.0000000000
0.0000000000
18.9762818770
32.0440084393
36.7627012249
7.8016846881
0.0000000000
38.7144022848
20.5722945340
7.8734228507
NaN
0.0000000000
79.6250000000
0.0000000000
37.3258047541
37.5937733445
0.0000000000
2.5177821205
0.0000000000
4.3333333333
0.0000000000
32.0944382030
8.0295906149
0.0000000000
11.3307379336
0.0000000000
0.0000000000
65.0341179948
0.0000000000
26.0576229615
24.5000000000
98.7746857736
60.8449989953
19.5380116959
16.2442127697
22.6666666667
0.0000000000
15.6400488400
NaN
13.1168831169
0.0000000000
120.4663162924
175.2111111111
2.8019660941
66.8130630631
36.8451599312
8.2656982296
19.7547543212
122.9226111065
8.3531294288
0.0000000000
173.9189500270
27.8565698836
30.2396961495
0.0000000000
51.5165757864
0.0000000000
0.0000000000
8.1303160457
12.5000000000
102.5042328775
2.4293130381
19.0097948651
12.0000000000
123.7873862321
0.0000000000
19.0056874107
NaN
17.2204238877
8.1808258137
0.0000000000
66.4186350817
2.9945815852
3.4667338710
NaN
51.7459666662
57.6667908950
98.5994880297
0.5000000000
0.0000000000
NaN
3.3076330799
4.5000000000
58.7163065175
3.2162657214
32.0055297905
110.0579947315
31.8857142857
51.5928032801
165.7263046047
24.5461568173
5.4761904762
122.1647700453
31.4881049124
0.0000000000
11.3749969171
36.9311531842
51.0524462958
15.6758090157
55.0726732683
2.4511375763
18.6292857469
2.6190476190
3.5714285714
36.0727272727
86.0168813087
NaN
51.1644872711
NaN
50.6521125951
20.7016935668
73.5929012346
0.0000000000
31.7610525848
0.0000000000
0.0000000000
94.4365237463
19.6639219031
17.4198289230
0.0000000000
NaN
