31.9926470588
24.3479740777
29.7703087721
0.0000000000
0.0000000000
95.7175484607
0.0000000000
0.0000000000
98.9908069459
89.3373133799
0.0000000000
182.8182737990
3.3957041154
14.0073740782
31.0466346154
0.0000000000
27.8150971492
2.2764580837
NaN
0.0000000000
11.7449719673
191.2561988479
0.0000000000
0.0000000000
32.0949796472
17.6285770992
2.6380952381
50.0000000000
18.6071389526
83.6773399015
0.0000000000
92.0855388875
0.0000000000
32.3138461538
24.1480942290
131.2274483072
0.0000000000
91.0052539323
0.0000000000
79.8853181387
67.8323422942
28.7761945713
18.8293107108
NaN
0.0000000000
56.1649616368
2.0972844143
21.6047574829
0.0000000000
0.0000000000
28.7275451633
51.1375376334
95.9794082209
0.0000000000
0.0000000000
0.0000000000
17.1383461301
0.0000000000
7.9944531485
28.4350210172
11.8835857416
18.4008734457
0.0000000000
184.3866675220
0.0000000000
107.3823764337
57.1971525080
11.0806640889
0.0000000000
191.3039160932
0.0000000000
16.3071340166
114.1403870968
0.0000000000
108.5253115169
27.2736842105
25.9938738739
91.4548444411
0.0000000000
0.0000000000
71.7258581236
4.9166666667
28.5756885598
1.7888888889
184.4416849241
18.4819347842
158.7907279906
15.4787098065
2.0985207101
82.7968096754
10.5944737429
19.1916386759
0.0000000000
0.5000000000
0.0000000000
1.8095238095
0.0000000000
27.7518163805
30.8311688312
7.1036811905
3.1878048780
48.6860759494
187.3029826575
21.1714288545
14.7332897685
30.0619047619
NaN
0.0000000000
3.4288461538
24.2875181594
15.1271559817
31.3984487609
NaN
31.9012622861
11.0199935722
158.1386823759
31.2904761905
0.0000000000
24.0984861807
0.0000000000
21.2481900531
2.2500000000
33.4999305839
0.0000000000
NaN
3.8946943718
0.0000000000
0.0000000000
10.9181591816
0.0000000000
180.2940603700
8.0983178907
11.1267920337
13.9993556701
6.1898480329
0.5000000000
0.0000000000
0.0000000000
0.0000000000
0.0000000000
0.0000000000
61.0945918436
0.0000000000
95.1344558180
0.5000000000
90.2327206266
0.0000000000
33.2529526008
6.8245433317
0.0000000000
63.5833333333
30.9226351014
24.2221738868
154.8611759927
0.0000000000
191.8576714340
0.0000000000
31.7368530021
158.9640335644
6.6246524609
0.0000000000
NaN
28.1820489698
0.0000000000
4.3113309432
0.0000000000
0.0000000000
0.0000000000
0.0000000000
27.7027027027
23.1067226891
0.0000000000
10.9474628506
110.0158730159
0.0000000000
8.7294372294
33.2231361777
NaN
33.5752960135
24.1708611062
0.0000000000
191.8199887228
0.0000000000
0.0000000000
27.7966367642
28.6153609456
57.1241377845
15.6328309787
0.0000000000
15.7972972973
32.1890426271
12.0252061109
0.0000000000
0.0000000000
0.0000000000
0.0000000000
60.6198394912
57.6171424094
0.0000000000
6.6783708237
0.0000000000
0.0000000000
0.0000000000
24.5530808886
15.4691692644
0.0000000000
18.3692371236
0.0000000000
0.0000000000
91.3776934970
72.5923913043
6.9486062184
5.6666666667
95.3857770594
24.0932547868
0.0000000000
0.0000000000
0.0000000000
0.0000000000
0.0000000000
3.7666666667
0.0000000000
0.0000000000
0.0000000000
1.0000000000
6.3875408245
49.4325646401
58.0342407233
16.4492832080
11.3395261704
107.2134210712
11.4523443719
0.0000000000
185.2298920920
33.4733747353
33.4281402840
0.0000000000
0.0000000000
0.0000000000
13.0666666667
10.9104890550
20.2500000000
151.5462595775
1.9334461918
27.9190703331
18.0000000000
108.2489405401
0.0000000000
27.8751387882
0.0000000000
21.0893841964
10.7629145083
34.6344372940
91.9104504785
6.8034695016
0.8095238095
0.0000000000
90.4937661948
17.8842094325
95.4252622066
15.1364934323
0.0000000000
NaN
3.5899939484
0.0000000000
25.7684867863
3.7548175028
28.3950779246
158.2922468893
6.3772511281
0.0000000000
191.5432996867
6.5993412768
13.0258953168
111.1465776704
24.3703460526
0.0000000000
18.5315461812
13.0256410256
0.0000000000
42.7944809697
85.3720162551
2.2754097707
10.9682997238
0.0000000000
NaN
15.8458498024
0.0000000000
0.0000000000
89.7120307250
0.0000000000
0.0000000000
32.1670474318
90.4753930280
119.3025362319
28.1736907384
0.0000000000
0.0000000000
0.0000000000
11.2913289518
23.5209932259
42.6190476190
0.0000000000
