75.3529411765
64.1628365069
66.7924737133
0.0000000000
0.0000000000
64.1992680911
0.0000000000
0.0000000000
70.3146067416
66.1318424566
0.0000000000
52.9700083893
72.5061818182
71.9763779528
76.9846153846
0.0000000000
64.9001750333
73.0288220551
74.0000000000
0.0000000000
75.7598425197
57.7706452691
0.0000000000
0.0000000000
77.1044776119
69.5511363636
72.0666666667
80.0000000000
74.3396803009
63.9655172414
0.0000000000
62.1077004499
0.0000000000
74.9230769231
64.2039087948
69.0306748466
0.0000000000
66.0392190153
0.0000000000
66.4646153846
65.6155717762
67.0710823910
74.2768049892
73.0000000000
0.0000000000
63.4782608696
73.0232558140
70.0536715621
0.0000000000
0.0000000000
64.7159268640
66.3215767635
64.1499584767
0.0000000000
0.0000000000
0.0000000000
69.6777777778
0.0000000000
77.3141070188
70.9130280440
69.1268315018
69.6381260097
0.0000000000
52.9881422925
0.0000000000
69.6167101236
64.4965675057
69.1668198529
0.0000000000
57.7377352151
0.0000000000
68.8122879759
59.8560000000
0.0000000000
69.5749493682
74.3000000000
76.2933333333
61.9761904762
0.0000000000
0.0000000000
64.4956521739
74.2500000000
67.0482315113
71.7000000000
52.9495248152
69.3380372033
60.9679871027
67.6504696532
73.1464497041
60.8728923476
72.6641074856
74.1303350161
0.0000000000
73.5000000000
0.0000000000
71.8571428571
0.0000000000
67.0905598244
75.4545454545
68.2525925926
76.6341463415
65.3500000000
52.6402294304
69.9913748040
73.1826923077
74.1904761905
67.0000000000
0.0000000000
77.0923076923
67.1898312611
67.6698852250
66.6540705752
73.0000000000
66.5774198028
75.9289639731
60.9171079899
71.0952380952
0.0000000000
67.1804899978
0.0000000000
69.9624500666
70.7500000000
72.1429835232
0.0000000000
74.0000000000
72.5113719736
0.0000000000
0.0000000000
72.9346243222
0.0000000000
61.2531645570
67.9495990836
75.9041546689
72.5567010309
71.3119800333
71.5000000000
0.0000000000
0.0000000000
0.0000000000
0.0000000000
0.0000000000
66.8118811881
0.0000000000
62.0271792360
69.5000000000
64.3074739830
0.0000000000
72.1222584388
68.2056574924
0.0000000000
69.2500000000
67.3450704225
64.1701434159
59.5232558140
0.0000000000
57.9109589041
0.0000000000
76.8714285714
60.7717162257
71.6298850575
0.0000000000
75.0000000000
70.7477087794
0.0000000000
72.2282863850
0.0000000000
0.0000000000
0.0000000000
0.0000000000
77.2000000000
70.5500000000
0.0000000000
72.9276500000
61.3571428571
0.0000000000
71.4090909091
72.1532068456
72.0000000000
66.2404954623
67.1906779661
0.0000000000
57.7227905417
0.0000000000
0.0000000000
64.9147899584
70.8991484706
64.3101863671
67.6689605216
0.0000000000
72.3783783784
66.5774111675
69.1880692168
0.0000000000
0.0000000000
0.0000000000
0.0000000000
64.1635653572
64.4543390515
0.0000000000
71.4784889822
0.0000000000
0.0000000000
0.0000000000
64.1286279683
67.6810643339
0.0000000000
74.3244619301
0.0000000000
0.0000000000
61.9461414791
65.3750000000
68.1905120482
73.5000000000
64.1596658430
67.2091928251
0.0000000000
0.0000000000
0.0000000000
0.0000000000
0.0000000000
71.8333333333
0.0000000000
0.0000000000
0.0000000000
70.0000000000
71.5705329154
66.0370370370
64.1644409531
67.3820099057
75.9434737924
69.6203025590
69.1414094887
0.0000000000
53.1508531003
72.1189894503
71.8634549878
0.0000000000
0.0000000000
0.0000000000
68.3333333333
72.9622009076
74.2500000000
61.7238401285
73.0738362761
64.9101018033
60.0000000000
69.6052195289
0.0000000000
64.9097111092
0.0000000000
69.9933279957
72.9372987118
70.6714801444
61.9118354261
71.5792291221
72.3333333333
0.0000000000
66.1946590527
69.5849056604
64.1982193065
73.2621359223
0.0000000000
82.0000000000
72.5350180505
0.0000000000
67.0945167485
72.4276315789
70.9085216573
60.8782628783
77.4889589905
0.0000000000
57.7652958877
68.1612903226
73.3388429752
69.4400224515
63.8902953586
0.0000000000
74.2610566579
71.7692307692
0.0000000000
66.1478903871
66.2971684484
73.1356466877
75.5966970882
0.0000000000
75.0000000000
79.8695652174
0.0000000000
0.0000000000
66.2977916941
0.0000000000
0.0000000000
66.5683098592
65.2987012987
60.7916666667
70.9048745083
0.0000000000
0.0000000000
0.0000000000
75.9190112540
69.6629743106
55.5714285714
0.0000000000
