0.9998204308
0.9839127082
0.9809128455
1.0000000000
1.0000000000
0.9105217015
1.0000000000
1.0000000000
0.9990599022
0.9367071226
1.0000000000
0.9496361082
0.9854760169
0.9986585121
0.9993134117
1.0000000000
0.2456507273
0.9915708084
0.9999894371
1.0000000000
0.9946340484
0.9368127515
1.0000000000
1.0000000000
0.9992922859
0.9869865112
0.9998415565
0.9999788742
0.9550654371
0.9996936760
1.0000000000
0.9600828131
1.0000000000
0.9997253647
0.9837859535
0.9982782478
1.0000000000
0.9377845380
1.0000000000
0.9965670586
0.9956586494
0.9803847007
0.9559632834
0.9999894371
1.0000000000
0.9992711601
0.9931869316
0.9604419516
1.0000000000
1.0000000000
0.2368412714
0.9949086838
0.9109653431
1.0000000000
1.0000000000
1.0000000000
0.9866907501
1.0000000000
0.9847999915
0.5536647970
0.9769306335
0.9869231338
1.0000000000
0.9492241552
1.0000000000
0.6272987504
0.9584561270
0.9770151366
1.0000000000
0.9371296384
1.0000000000
0.9719766349
0.9986796379
1.0000000000
0.6296965280
0.9997887421
0.9992077827
0.9600722502
1.0000000000
1.0000000000
0.9987852669
0.9999577484
0.9802896346
0.9998943710
0.9499846838
0.9835324439
0.9541359022
0.9415238035
0.9928594818
0.9918560066
0.7413463468
0.9539668959
1.0000000000
0.9999788742
1.0000000000
0.9999260597
1.0000000000
0.9807544021
0.9997676163
0.9857400894
0.9995669212
0.9991549683
0.9465939939
0.9595863570
0.9989014587
0.9997781792
0.9999894371
1.0000000000
0.9993134117
0.9524247130
0.9420202596
0.9239682691
0.9999894371
0.9239365804
0.9481044882
0.9541253393
0.9997781792
1.0000000000
0.9530056723
1.0000000000
0.9603363226
0.9999577484
0.8089594490
1.0000000000
0.9999894371
0.9856027717
1.0000000000
1.0000000000
0.7954495041
1.0000000000
0.9991655312
0.9815571822
0.9486431959
0.9989753990
0.9873033981
0.9999788742
1.0000000000
1.0000000000
1.0000000000
1.0000000000
1.0000000000
0.7908968956
1.0000000000
0.9568611296
0.9999788742
0.8995151630
1.0000000000
0.8088010056
0.9861837310
1.0000000000
0.9999577484
0.9985000687
0.9837965164
0.9927327270
1.0000000000
0.9352283170
1.0000000000
0.9992605972
0.9548858679
0.9908102798
1.0000000000
0.9999894371
0.5067127209
1.0000000000
0.9820008239
1.0000000000
1.0000000000
1.0000000000
1.0000000000
0.9992077827
0.9987324524
1.0000000000
0.7887420646
0.9997042389
1.0000000000
0.9997676163
0.8068151810
0.9999894371
0.9138701397
0.9526359709
1.0000000000
0.9370134466
1.0000000000
1.0000000000
0.2476682405
0.5559146940
0.9586251334
0.9416716840
1.0000000000
0.9996091728
0.9250879361
0.9768038787
1.0000000000
1.0000000000
1.0000000000
1.0000000000
0.9540197104
0.9581286772
1.0000000000
0.9899335594
1.0000000000
1.0000000000
1.0000000000
0.9839866485
0.9420413854
1.0000000000
0.9543577231
1.0000000000
1.0000000000
0.9605792693
0.9997464905
0.9859724731
0.9999577484
0.9102259404
0.9528894804
1.0000000000
1.0000000000
1.0000000000
1.0000000000
1.0000000000
0.9999366226
1.0000000000
1.0000000000
1.0000000000
0.9999683113
0.9898913078
0.9994296036
0.9596602972
0.9338868291
0.9486115072
0.6264431558
0.9770679511
1.0000000000
0.9492347181
0.8097622292
0.7829324714
1.0000000000
1.0000000000
1.0000000000
0.9999366226
0.7951643059
0.9999577484
0.9474073370
0.9934193153
0.2467175798
0.9999788742
0.6304676194
1.0000000000
0.2475203600
1.0000000000
0.9604208258
0.7900941154
0.9970740776
0.9604630774
0.9901342544
0.9998415565
1.0000000000
0.9371085126
0.9865639953
0.9098351132
0.9989120216
1.0000000000
0.9999894371
0.9853703880
1.0000000000
0.9504917028
0.9855499572
0.5512881453
0.9542732199
0.9966515617
1.0000000000
0.9368127515
0.9859196586
0.9987218895
0.6047997803
0.9824761543
1.0000000000
0.9558154028
0.9998626823
1.0000000000
0.9757159003
0.9268836286
0.9933031234
0.9270843236
1.0000000000
0.9999894371
0.9997570534
1.0000000000
1.0000000000
0.9359043424
1.0000000000
1.0000000000
0.9250034329
0.9991866569
0.9997464905
0.5488375532
1.0000000000
1.0000000000
1.0000000000
0.9474390257
0.9551816290
0.9999260597
1.0000000000
