0.9992181161
0.9832116250
0.9763074426
0.9997639596
1.0000000000
0.9105111750
0.9999852475
0.9964593937
0.9996164343
0.9680312754
0.9997344545
0.9417127683
0.9899092720
0.9997934646
0.9910894741
0.9998082172
0.2718300509
0.9978756362
0.9994246515
0.9992181161
0.9919746257
0.9310171867
0.9966659290
1.0000000000
0.9936711662
0.9853359888
0.9943497824
0.9925942318
0.8876890167
0.9995869293
0.9990705908
0.9491332891
0.9993803939
0.9991886110
0.9831526149
0.9997934646
1.0000000000
0.9685623663
1.0000000000
1.0000000000
0.9984657373
0.9763812053
0.8897396179
0.9998672273
1.0000000000
0.9985394999
0.9982887069
0.9561702442
0.9995574242
0.9856162868
0.2635833887
0.9966216715
0.9114700893
1.0000000000
0.9999409899
0.9986132625
0.9841557867
0.9996754444
1.0000000000
0.4804897839
0.9744338718
0.9846278675
1.0000000000
0.9425831674
1.0000000000
0.6405546950
0.9524526075
0.9748469425
1.0000000000
0.9319170908
1.0000000000
0.9693885078
0.9978608837
1.0000000000
0.6438150033
0.9992476212
0.9934941359
0.9491480416
0.9968724644
1.0000000000
1.0000000000
1.0000000000
0.9762484325
0.9948071107
0.9424651472
0.9828723169
0.9454894151
0.9333923434
0.9979936564
0.9896879841
0.8092350815
0.8860514863
0.9997197020
1.0000000000
0.9997639596
0.9943792875
0.9982444494
0.9765287305
0.9992918787
0.9899535295
0.9999852475
0.9991443535
0.9347938334
0.9558456886
0.9997639596
0.9991738585
1.0000000000
0.9997639596
0.9971232574
0.9396031570
0.9339086819
0.9195397212
0.9998524747
0.9198642768
0.9562882644
0.9455779302
0.9808807258
0.9996016818
0.9409456369
0.9944087925
0.9563620270
0.9997934646
0.8935310172
0.9998672273
0.9997197020
0.9903075902
0.2116692484
1.0000000000
0.8498192816
0.9996311868
0.9985099948
0.9883159991
0.9587076787
0.9998229697
0.9821494431
1.0000000000
0.9985394999
0.9999114848
1.0000000000
1.0000000000
1.0000000000
0.8831304861
1.0000000000
0.9446780261
0.9997639596
0.9007450026
1.0000000000
0.8932654717
0.9901305599
1.0000000000
0.9999852475
0.9997787121
0.9832706351
0.9959578078
0.9965626614
0.9305598584
0.9999262374
0.9933908682
0.9466548646
0.9865456960
0.9989525706
1.0000000000
0.4372796341
0.9987755403
0.9884340193
0.9999704949
1.0000000000
0.9992476212
1.0000000000
0.9936121561
0.9895994689
1.0000000000
0.8467064985
1.0000000000
0.9990410858
0.9905288781
0.8919229918
0.9998819798
0.9099063215
0.9410489046
0.9992623737
0.9307516412
0.9999409899
0.9989230656
0.2731282732
0.4781146271
0.9524083499
0.9328465000
0.9988197979
0.9913697721
0.9192594232
0.9739912960
1.0000000000
0.9986427676
1.0000000000
0.9998672273
0.9495463598
0.9534852844
0.9997787121
0.9864129232
0.9999704949
1.0000000000
0.9976543483
0.9833148927
0.9339381869
0.9972855351
0.8873054511
0.9993213838
0.9999557424
0.9491480416
0.9995426717
0.9901305599
1.0000000000
0.9123109833
0.9407538541
1.0000000000
1.0000000000
1.0000000000
0.9979493988
1.0000000000
1.0000000000
0.9848048978
0.9981116766
1.0000000000
0.9997344545
0.9862063878
1.0000000000
0.9538393450
0.9233901306
0.9567603452
0.6399793465
0.9742715940
0.9999852475
0.9413144501
0.8927196282
0.8809913698
0.9999114848
0.2063288338
0.9979641514
0.9999852475
0.8510584938
1.0000000000
0.9377295862
0.9983034595
0.2722136166
0.9999852475
0.6469572914
0.9998377222
0.2743527329
1.0000000000
0.9561112340
0.8461311500
0.9998672273
0.9491480416
0.9857638121
0.9944973077
1.0000000000
0.9685771188
0.9845541049
0.9110717710
0.9998082172
0.9999852475
1.0000000000
0.9903961053
1.0000000000
0.9369919599
0.9903518478
0.4752231320
0.9459024858
0.9904108579
0.2119347938
0.9308254039
0.9900272922
0.9998819798
0.6149590617
0.9825330088
0.9997049495
0.8896215977
0.9957955300
0.2113299403
0.9743306041
0.9634727447
0.9979198938
0.9445895110
0.9984804898
0.9950431511
0.9999557424
1.0000000000
1.0000000000
0.9686361289
1.0000000000
0.2118315261
0.9192741757
0.9987460353
0.9999852475
0.4742494652
0.9982001918
0.9994246515
1.0000000000
0.9566570775
0.9508150771
0.9997934646
1.0000000000
