77.6481481481
67.1661466459
68.4786264891
0.0000000000
63.1500000000
63.8140896921
0.0000000000
0.0000000000
0.0000000000
61.2907027499
0.0000000000
52.3573564593
72.4804687500
75.0000000000
73.3563218391
0.0000000000
67.0205664330
73.2581521739
67.3333333333
0.0000000000
81.6368159204
58.3259154360
74.2857142857
79.0000000000
73.0588235294
61.5264937993
70.6857142857
73.7142857143
75.2221114119
0.0000000000
0.0000000000
59.8653846154
0.0000000000
77.4728682171
67.1790123457
63.2988505747
69.0758928571
61.4725557461
62.5824175824
68.9230769231
64.9603960396
68.4722807018
75.2930146006
0.0000000000
68.5652173913
64.9349112426
73.2235834609
68.5616533519
0.0000000000
0.0000000000
66.8846865120
70.0000000000
63.8737799835
61.7448275862
0.0000000000
67.6491228070
61.3828345567
63.2000000000
77.1250000000
71.0320027294
69.3128772636
61.5379922352
59.4852941176
52.9011915141
60.7500000000
69.4360506284
63.4892217757
69.2341289995
77.0000000000
58.3154689403
74.0000000000
68.7749349523
64.0597014925
57.5000000000
69.3543826579
77.7321428571
72.0689655172
59.8911132813
0.0000000000
61.4000000000
65.5000000000
73.0000000000
68.5109851169
70.5365853659
53.0370902818
61.1986301370
64.1287188828
68.6978213508
73.3843930636
67.0769230769
73.3348703761
75.0269903703
0.0000000000
55.0000000000
0.0000000000
70.4615384615
0.0000000000
68.5052410901
77.4732142857
67.0979020979
0.0000000000
65.3500000000
53.5954568657
68.6122800966
74.6000000000
77.7685950413
65.5000000000
0.0000000000
69.0000000000
63.2147993505
68.6526775956
66.8234799074
62.7142857143
66.8936259143
75.9390565485
64.0995736906
65.0522875817
0.0000000000
63.1679962459
0.0000000000
68.6153846154
67.5833333333
71.5447907891
0.0000000000
66.3333333333
72.4783163265
46.7723847518
75.0000000000
73.5346648009
0.0000000000
62.4000000000
66.5712900097
75.9636580280
76.8333333333
70.5651644336
72.0000000000
63.2285714286
0.0000000000
58.7674418605
66.0000000000
66.9000000000
67.1853012887
62.7555555556
59.8848250795
66.2222222222
63.9950095406
61.3666666667
71.5838585914
67.1553287982
65.9208633094
0.0000000000
70.0000000000
67.1034482759
61.4736842105
0.0000000000
58.4964539007
64.6086956522
72.4761904762
64.1564380265
70.6109154930
62.2894736842
69.0000000000
70.8649328859
0.0000000000
72.0011627907
0.0000000000
73.5000000000
66.5000000000
66.0000000000
72.7543859649
71.3504083148
59.3176470588
73.4880243315
66.0923076923
0.0000000000
70.2571428571
71.5724942357
68.7142857143
66.1183464423
63.1217370669
0.0000000000
58.3965656566
0.0000000000
0.0000000000
67.0257951314
71.0437417027
63.3764399851
68.7775624462
0.0000000000
69.4302325581
66.8611994067
69.2455179283
78.0000000000
0.0000000000
68.0000000000
0.0000000000
63.5772143563
63.6707360862
0.0000000000
70.6407599309
0.0000000000
79.3333333333
0.0000000000
67.0449799197
68.7469081272
0.0000000000
75.2498240676
0.0000000000
0.0000000000
59.8273328435
0.0000000000
67.2694063927
74.5000000000
63.8888523512
63.1126030624
72.2631578947
70.2430278884
66.3333333333
0.0000000000
72.2197802198
72.0000000000
77.0000000000
0.0000000000
61.8695652174
64.9000000000
70.5873287671
64.3750000000
63.6269524155
68.4329416154
75.9545316763
69.3992563739
69.2960396040
0.0000000000
52.2903708134
71.5579820318
71.3995769039
0.0000000000
46.3235423381
0.0000000000
0.0000000000
73.5224453255
75.5000000000
64.5502492784
73.3158682635
67.0171081566
70.0000000000
69.4039490105
0.0000000000
67.0321812162
75.0000000000
68.6251705321
73.5292174797
0.0000000000
59.8785434995
70.6684684685
70.2187500000
68.0000000000
61.4115351258
61.3472301542
63.9085836205
73.5000000000
0.0000000000
72.0000000000
72.6338797814
76.5000000000
63.2684153005
72.5924932976
71.0467840217
64.1407384988
73.2000000000
46.7946176422
58.4662932587
67.0555555556
76.8571428571
69.4431957000
66.9404934688
0.0000000000
75.2562410330
71.6428571429
46.7759184352
67.7398321498
61.0477129338
73.3751824818
75.6327810121
74.4285714286
71.2857142857
81.5454545455
67.0294117647
72.0000000000
61.2730449978
63.0000000000
46.7569970792
66.8335074159
66.2098765432
0.0000000000
71.0493021998
0.0000000000
0.0000000000
62.4246031746
76.0315144441
68.2521817635
0.0000000000
74.0000000000
