3.8693759071
34.2326351373
24.5202115897
22.8666666667
0.0000000000
97.5453479981
NaN
74.8652545328
4.3215384615
68.1648542457
168.5653594771
213.4872805795
2.4109492863
9.6538461538
6.3426218796
226.1666666667
17.7349349911
2.1219405594
31.1470985155
60.3563134978
9.0493852237
159.1724283290
1.1458013766
0.0000000000
6.3008409036
8.4455413245
2.3163233224
1.6968493292
10.5542941420
158.9894179894
41.3369175627
68.8327022994
190.8617886179
5.7508417508
34.2159994229
42.7087912088
0.0000000000
69.6932410669
0.0000000000
0.0000000000
66.0433159074
24.8582222049
10.4553243877
113.6944444444
0.0000000000
98.6141001855
2.0775862069
17.5063658009
43.0816091954
16.9058558416
18.2846450610
74.2624683981
98.8916516692
0.0000000000
15.5833333333
98.2490276825
8.9701996352
62.9285714286
0.0000000000
28.2780494276
8.0567918773
8.6699854894
0.0000000000
212.1674098104
0.0000000000
118.1444355148
58.3023265623
7.9053371057
0.0000000000
160.7420409221
0.0000000000
8.9214708787
110.1702107280
0.0000000000
119.2442203014
4.6831372549
6.5504122861
68.6406885057
16.9525842797
0.0000000000
0.0000000000
0.0000000000
25.0800817606
1.6755293318
213.1904075338
10.0589295791
113.9464819152
9.1229216254
2.6657952070
13.8197219934
9.6276974528
10.9562122945
90.7660818713
0.0000000000
52.3333333333
2.0083022517
124.5410910127
25.5053828730
4.2695035461
3.8358685324
NaN
32.1560798548
218.8686256590
17.5323180559
10.2666666667
3.5633116883
0.0000000000
99.8000000000
1.3598731166
67.7224348862
9.3537458537
21.1766470094
2.2666666667
20.4966139673
14.1664316806
114.0219687833
40.5679965680
36.7977207977
66.8562023010
13.5737878851
17.2536024007
0.7472527473
29.0838229719
71.5277777778
0.5789473684
2.5206917994
49.3864655386
0.0000000000
9.3680398953
58.7500000000
209.0180198020
5.4441443512
13.5819991874
6.6969696970
19.2070661499
0.0000000000
102.5438054009
145.7666666667
0.0000000000
0.0000000000
0.0000000000
46.0271202487
0.0000000000
71.8946859429
1.2625000000
91.8040928468
0.0000000000
28.7642917888
3.4955604486
0.0000000000
NaN
18.9809523810
32.6506644500
120.1832705008
60.9838685807
159.7568189487
67.3000000000
6.9756661473
114.5297151740
16.4191990679
82.8535211268
0.0000000000
28.7226672973
80.0173376433
2.3405270154
60.5000000000
0.0000000000
50.8196078431
0.0000000000
7.1943054486
10.8830311090
0.0000000000
9.5226793676
0.0000000000
98.7221153846
2.3135506729
28.6103877070
0.4107142857
21.0404685071
67.2408871951
28.2077551020
158.9624451778
122.0000000000
57.4356925419
17.6441147671
28.3707136658
56.9985634164
9.1971906269
20.5594936709
59.1914120126
21.3002333759
8.0126126463
0.0000000000
59.7462971811
0.0000000000
8.2500000000
60.4518823260
56.4417374638
139.8285714286
18.9932894302
312.5000000000
0.0000000000
59.3181275376
33.9551904102
9.1503360484
24.1372059872
10.3256529309
112.9144927536
0.0000000000
69.0847946880
93.3655913978
4.0208820028
0.0000000000
99.1838891350
67.3405714006
0.0000000000
0.0000000000
0.0000000000
30.6551975811
0.0000000000
0.0000000000
7.4416824705
26.0319266732
0.0000000000
1.3888888889
15.3276048048
0.0000000000
56.2921835498
9.3525392871
13.5083621823
117.9431353889
8.2830917379
NaN
212.9572171712
28.4049465272
29.2907953723
5.8666666667
50.8692323166
68.4553580874
NaN
9.3503643968
0.0000000000
108.9848231198
2.8126620900
17.7161298494
NaN
120.0698763472
84.4181818182
17.7129449410
0.0000000000
17.4013083700
9.5157599849
7.9444444444
70.0159276170
17.3231677166
2.1684683906
0.0000000000
68.8184029179
8.6498508896
98.6765164755
10.9230769231
NaN
0.0000000000
2.2969207137
0.0000000000
66.9071450230
2.4918911071
28.1371948400
113.9376438178
1.8815313500
49.4200191076
159.0773854756
3.8701621740
11.2678571429
119.9533354723
34.6820497590
94.8710526316
10.4386172315
86.7081047690
49.3704511970
31.1517267818
78.2385470211
3.0660587639
13.7481108611
1.4940034266
1.9632462687
1.3333333333
0.0000000000
0.0000000000
68.9995092690
0.0000000000
49.3239389881
20.5778918294
80.7106442577
NaN
28.3347356128
95.5835252676
33.1336032389
0.0000000000
13.9773709437
18.4558711120
49.2967032967
0.0000000000
