40852
17035
22045
62814
19429
45258
28383
28608
48741
56827
38107
55210
51594
18135
38315
23715
17991
53295
17278
60819
31244
32441
21529
33940
1184
4836
38933
61066
13416
1911
65999
21794
67514
39946
11877
30716
63143
46184
23613
62675
43159
31051
27365
31175
36307
6844
54175
57318
28740
22356
60236
40566
29534
25000
24718
41548
34379
5262
36083
16610
22894
48702
33250
52226
33267
58223
24175
54928
48560
10143
33272
43747
3621
54919
28797
15986
8720
27304
391
9282
49359
378
36502
61293
50718
64851
67671
38246
31367
25307
24484
4261
60985
42645
12799
44733
37667
40332
46590
59010
37573
54087
13311
25511
43954
68353
9759
11969
1002
12981
52935
28474
50042
285
54166
29729
10050
10138
25254
1961
30769
12131
43525
36661
36826
2004
39657
18943
17456
47424
26070
7063
10114
12275
15181
42516
35662
48679
39605
41651
41151
16309
6330
20616
26297
47439
15551
4001
50429
47969
29932
45479
3782
12390
30021
3570
53608
1707
54369
31169
41054
40371
9872
33211
53993
38630
17367
31614
19933
26519
23967
33484
57219
12573
55924
11075
22826
26115
56767
46294
20094
22663
49719
60930
50235
68087
59741
44152
10751
56909
55883
32934
44618
11664
16075
17423
19862
18796
13173
22036
31538
51002
15387
35937
55921
5073
994
4325
26815
9817
29143
41374
3331
15981
40850
8242
61913
48056
59953
10909
39664
5280
11517
46033
55953
50549
30186
10359
63323
7394
47436
14607
54573
31305
45298
9704
38161
52938
1383
24824
14214
10567
19921
31541
49981
24324
54362
29046
41090
47769
5929
2379
144
19045
7291
58903
26556
8947
52124
22402
37234
19743
54721
48097
57822
13689
30364
25934
25348
29880
56332
61844
44840
5752
21820
28585
17945
45003
2141
55722
1694
20264
2772
64899
32958
64398
55315
7297
24013
23638
43688
13932
15094
64602
31101
32208
38967
1114
60538
3568
31036
55996
33100
19033
35258
67468
36008
18803
8672
31050
65451
57588
9957
50076
36683
28657
20594
30555
61874
4131
38489
25939
18767
47942
11152
26884
5970
9825
53050
20766
39473
43936
26762
25791
42466
19410
6929
6233
35001
12676
29292
25670
1538
54941
10904
55038
60048
51639
1155
55878
2332
67021
22110
19467
64599
58001
18872
19420
34499
10257
68713
47684
34244
43030
37325
2146
40220
31650
68727
58167
224
56823
40715
48510
9264
64828
3918
7744
739
5153
49890
20538
25595
21837
50184
14621
58723
42637
64328
26181
12154
9626
34111
12886
28378
47864
3511
26137
27477
66235
4540
51263
20907
52518
46751
10553
22961
54890
43778
38731
28859
55925
44803
29450
55054
20756
60442
6027
26354
26503
7015
38287
24968
59553
21080
64342
24382
31355
9530
59389
51273
25063
23650
29480
8410
23506
53892
64106
397
21072
54904
30397
63530
31746
42613
33611
9850
68475
23802
21927
57497
53888
30955
27003
57275
30970
49262
48157
28817
30995
30375
9374
50904
67898
43764
45282
18268
21217
58042
34784
68757
41648
34438
24201
33818
19265
44545
65619
63032
52301
31696
9639
34421
38841
18557
57831
68019
54132
28907
19134
43869
40322
18661
2941
9042
17897
65673
49258
50725
34607
15881
3205
6238
32216
8096
43346
1603
6528
13162
48469
58547
3232
61386
46491
25085
62966
46490
59328
38151
43350
64456
53683
60368
9556
28444
51442
14012
36258
33228
33858
66708
44441
7499
67732
6130
52626
66924
45285
30349
12885
12822
67475
59364
55173
2298
26425
39875
67980
67751
59905
33428
30317
9483
46333
29580
46158
4340
39087
42592
54144
31736
22644
40531
54115
30470
38491
17763
54188
68146
38285
47540
31428
35427
14102
2434
1050
67296
20824
23293
48453
16547
32977
66407
38250
48130
969
26583
9685
4206
2440
17662
24766
46131
23350
16314
26865
48316
68263
42852
36005
10392
22941
26624
62409
66153
14194
37378
4393
2672
45843
64162
43464
47359
46481
58052
49900
11667
27917
23464
14024
2723
62320
22095
49111
32741
47387
30066
20544
28091
57878
68578
29919
13724
28898
1038
63001
55635
9646
36415
17733
32624
47579
38334
45989
4303
15097
51749
30944
51950
46645
65057
47381
44635
20628
4777
7566
37806
19525
68197
60732
35021
1504
15413
62382
63325
62918
32974
13361
55361
41225
36976
12982
21495
56449
48247
1511
64066
40733
17597
58469
29158
4685
31312
56998
38202
61845
65192
57599
28257
53564
68285
47664
13136
63974
20871
53995
39986
54874
24890
59933
4103
58681
65966
51417
44399
7247
12347
16788
45965
61160
48018
34756
33900
448
45489
12235
45176
36623
56581
35141
54586
31733
53947
24377
61538
7396
21885
5058
42410
14084
27408
30673
52766
35692
46726
45707
2445
24198
59023
31469
30641
27765
23522
22142
26469
42098
68053
45204
23772
10507
25347
9827
58267
46109
11261
62851
15166
60513
1837
47634
13328
49713
59511
54160
15117
61824
39609
42257
35440
58728
31505
3768
60525
55695
16627
67055
19371
6589
29687
60032
39333
5486
25250
45677
36119
46529
22963
4749
41422
59259
31268
8496
768
34569
43927
62083
48297
41992
47185
49787
7390
41464
34463
36626
43967
12943
46892
14659
35246
44964
31317
41978
4434
11942
17645
61305
45652
47633
60463
1599
57725
24996
28222
56695
38930
21932
66989
3043
9573
34754
14181
22902
8620
51652
23948
34357
4432
48818
64504
24882
65041
68758
64267
12661
59234
43220
306
44884
49312
41917
16893
50573
47764
17694
15895
25283
53357
38442
19401
25922
66619
48114
54009
50837
17977
66582
10631
37391
37311
59220
53988
4661
67258
16352
1290
29591
5658
22393
16427
9001
23651
9405
27076
58727
8671
52375
42233
49280
17464
68609
4083
63246
68721
5520
9301
64945
46591
64438
50749
23938
17713
58317
41810
6857
22737
16335
38020
43652
50164
34283
34789
66473
50945
53643
52396
23854
60114
13890
25858
16737
13589
48286
59266
52502
57412
11766
633
1203
64157
52465
7988
7287
31282
35438
8529
783
56072
3598
47944
34952
68603
7428
60011
23840
46397
24223
63293
67770
68459
20076
46526
54014
20374
61128
38252
32167
8460
60679
9886
64901
9522
38659
56601
64313
28375
48082
38242
51434
688
26958
66767
8782
1348
14851
61815
24517
30424
27823
59686
47060
11369
43770
56291
67349
61033
68144
51535
49095
2987
40438
18609
18768
16728
45688
1447
42129
43919
36607
23254
27199
